Name:
0-5-20
Number of Vehicles:
5
Number of Demand Locations:
20
Demands:
29, 27, 20, 16, 15, 25, 29, 12, 15, 23, 10, 25, 13, 27, 15, 20, 18, 20, 18, 19
Warehouse Coordinates:
773.5899490181309, 63.20997330509591

Customer Coordinates:
286, 358
822, 58
718, 126
66, 367
122, 868
545, 31
777, 653
462, 906
441, 606
661, 629
719, 736
186, 404
136, 476
597, 81
559, 813
888, 341
817, 766
10, 998
861, 824
600, 381

Distance Matrix:
0,00, 569,78, 48,69, 83,86, 770,05, 1035,50, 230,85, 589,80, 898,55, 636,58, 576,88, 675,00, 679,26, 759,55, 177,48, 779,89, 300,43, 704,13, 1207,02, 765,79, 362,11
569,78, 0,00, 614,24, 490,35, 220,18, 535,72, 417,15, 572,81, 575,57, 292,45, 462,67, 574,78, 110,07, 190,85, 416,47, 530,62, 602,24, 669,65, 696,98, 740,12, 314,84
48,69, 614,24, 0,00, 124,26, 816,71, 1070,56, 278,31, 596,70, 921,25, 667,43, 593,26, 685,78, 724,02, 803,32, 226,17, 799,50, 290,59, 708,02, 1242,15, 766,99, 391,93
83,86, 490,35, 124,26, 0,00, 695,12, 951,72, 197,37, 530,29, 820,94, 554,19, 506,22, 610,00, 600,26, 679,13, 129,10, 705,16, 274,09, 647,61, 1123,23, 712,50, 280,98
770,05, 220,18, 816,71, 695,12, 0,00, 504,12, 585,10, 766,37, 668,83, 444,69, 650,13, 750,05, 125,57, 129,54, 603,12, 664,80, 822,41, 850,41, 633,48, 916,99, 534,18
1035,50, 535,72, 1070,56, 951,72, 504,12, 0,00, 937,82, 689,38, 342,12, 412,80, 589,61, 611,42, 468,39, 392,25, 919,24, 440,45, 929,78, 702,45, 171,59, 740,31, 682,39
230,85, 417,15, 278,31, 197,37, 585,10, 937,82, 0,00, 663,86, 878,93, 584,33, 609,15, 726,15, 517,70, 604,41, 72,14, 782,13, 462,33, 783,71, 1105,13, 853,64, 354,30
589,80, 572,81, 596,70, 530,29, 766,37, 689,38, 663,86, 0,00, 404,02, 339,27, 118,46, 101,26, 641,31, 664,99, 599,65, 270,41, 331,16, 119,87, 841,02, 190,52, 324,52
898,55, 575,57, 921,25, 820,94, 668,83, 342,12, 878,93, 404,02, 0,00, 300,73, 341,07, 308,14, 572,87, 539,61, 835,97, 134,38, 707,60, 381,61, 461,27, 407,34, 542,83
636,58, 292,45, 667,43, 554,19, 444,69, 412,80, 584,33, 339,27, 300,73, 0,00, 221,20, 306,89, 325,31, 331,55, 547,69, 238,27, 519,65, 408,63, 582,60, 473,21, 275,51
576,88, 462,67, 593,26, 506,22, 650,13, 589,61, 609,15, 118,46, 341,07, 221,20, 0,00, 121,71, 525,59, 546,84, 551,72, 210,38, 366,71, 207,62, 748,31, 279,33, 255,39
675,00, 574,78, 685,78, 610,00, 750,05, 611,42, 726,15, 101,26, 308,14, 306,89, 121,71, 0,00, 627,94, 638,35, 666,26, 177,56, 429,63, 102,49, 755,86, 167,06, 374,41
679,26, 110,07, 724,02, 600,26, 125,57, 468,39, 517,70, 641,31, 572,87, 325,31, 525,59, 627,94, 0,00, 87,66, 522,73, 553,54, 704,82, 727,46, 619,53, 795,00, 414,64
759,55, 190,85, 803,32, 679,13, 129,54, 392,25, 604,41, 664,99, 539,61, 331,55, 546,84, 638,35, 87,66, 0,00, 607,08, 540,83, 764,02, 740,18, 536,99, 804,19, 473,63
177,48, 416,47, 226,17, 129,10, 603,12, 919,24, 72,14, 599,65, 835,97, 547,69, 551,72, 666,26, 522,73, 607,08, 0,00, 732,99, 390,23, 719,46, 1088,79, 788,51, 300,01
779,89, 530,62, 799,50, 705,16, 664,80, 440,45, 782,13, 270,41, 134,38, 238,27, 210,38, 177,56, 553,54, 540,83, 732,99, 0,00, 575,35, 262,25, 579,33, 302,20, 433,94
300,43, 602,24, 290,59, 274,09, 822,41, 929,78, 462,33, 331,16, 707,60, 519,65, 366,71, 429,63, 704,82, 764,02, 390,23, 575,35, 0,00, 430,89, 1096,60, 483,75, 290,76
704,13, 669,65, 708,02, 647,61, 850,41, 702,45, 783,71, 119,87, 381,61, 408,63, 207,62, 102,49, 727,46, 740,18, 719,46, 262,25, 430,89, 0,00, 839,69, 72,80, 441,94
1207,02, 696,98, 1242,15, 1123,23, 633,48, 171,59, 1105,13, 841,02, 461,27, 582,60, 748,31, 755,86, 619,53, 536,99, 1088,79, 579,33, 1096,60, 839,69, 0,00, 868,61, 853,69
765,79, 740,12, 766,99, 712,50, 916,99, 740,31, 853,64, 190,52, 407,34, 473,21, 279,33, 167,06, 795,00, 804,19, 788,51, 302,20, 483,75, 72,80, 868,61, 0,00, 514,17
362,11, 314,84, 391,93, 280,98, 534,18, 682,39, 354,30, 324,52, 542,83, 275,51, 255,39, 374,41, 414,64, 473,63, 300,01, 433,94, 290,76, 441,94, 853,69, 514,17, 0,00
