Name:
1-5-20
Number of Vehicles:
5
Number of Demand Locations:
20
Demands:
11, 16, 28, 18, 13, 28, 21, 26, 24, 16, 20, 24, 15, 17, 14, 28, 10, 27, 22, 25
Warehouse Coordinates:
452.88950924430486, 863.080372970123

Customer Coordinates:
498, 293
631, 527
463, 616
556, 99
572, 851
93, 720
264, 224
863, 499
739, 343
581, 707
94, 433
24, 789
464, 907
405, 964
357, 990
818, 839
920, 359
829, 188
214, 636
641, 893

Distance Matrix:
0,00, 571,86, 380,36, 247,29, 771,01, 119,72, 387,29, 666,41, 548,40, 593,58, 201,92, 560,15, 435,24, 45,30, 111,71, 159,07, 365,90, 687,23, 772,78, 329,60, 190,48
571,86, 0,00, 269,16, 324,89, 202,48, 562,89, 588,52, 243,96, 419,12, 246,13, 422,24, 427,57, 686,07, 614,94, 677,41, 711,12, 632,86, 427,13, 347,25, 445,31, 616,81
380,36, 269,16, 0,00, 190,12, 434,52, 329,33, 571,57, 475,92, 233,68, 213,35, 186,82, 545,17, 661,13, 415,08, 491,98, 538,00, 363,75, 334,28, 392,59, 431,01, 366,14
247,29, 324,89, 190,12, 0,00, 525,30, 259,05, 384,34, 439,62, 416,76, 388,21, 149,01, 411,89, 471,86, 291,00, 352,80, 388,73, 419,23, 524,31, 563,15, 249,80, 329,26
771,01, 202,48, 434,52, 525,30, 0,00, 752,17, 774,60, 317,63, 504,23, 305,00, 608,51, 570,09, 871,28, 813,22, 878,08, 912,95, 785,01, 447,32, 287,14, 636,66, 798,54
119,72, 562,89, 329,33, 259,05, 752,17, 0,00, 496,59, 698,56, 456,71, 534,75, 144,28, 634,99, 551,50, 121,66, 201,64, 256,02, 246,29, 602,63, 711,07, 417,60, 80,78
387,29, 588,52, 571,57, 384,34, 774,60, 496,59, 0,00, 524,65, 801,09, 747,96, 488,17, 287,00, 97,58, 415,46, 396,08, 377,62, 734,70, 902,36, 908,14, 147,30, 574,66
666,41, 243,96, 475,92, 439,62, 317,63, 698,56, 524,65, 0,00, 659,11, 489,68, 577,74, 269,41, 613,86, 711,68, 753,31, 771,62, 827,73, 669,75, 566,15, 415,02, 767,91
548,40, 419,12, 233,68, 416,76, 504,23, 456,71, 801,09, 659,11, 0,00, 199,28, 350,41, 771,83, 887,71, 570,67, 652,68, 705,07, 342,97, 151,16, 312,85, 663,30, 452,24
593,58, 246,13, 213,35, 388,21, 305,00, 534,75, 747,96, 489,68, 199,28, 0,00, 396,81, 651,25, 842,70, 627,47, 705,12, 751,35, 502,25, 181,71, 179,23, 601,23, 558,66
201,92, 422,24, 186,82, 149,01, 608,51, 144,28, 488,17, 577,74, 350,41, 396,81, 0,00, 558,79, 563,00, 231,71, 311,49, 360,92, 271,28, 485,82, 575,21, 373,80, 195,44
560,15, 427,57, 545,17, 411,89, 570,09, 634,99, 287,00, 269,41, 771,83, 651,25, 558,79, 0,00, 362,82, 601,31, 615,37, 615,97, 830,07, 829,31, 774,76, 235,82, 714,71
435,24, 686,07, 661,13, 471,86, 871,28, 551,50, 97,58, 613,86, 887,71, 842,70, 563,00, 362,82, 0,00, 455,55, 419,27, 388,96, 795,57, 993,84, 1004,60, 243,94, 625,70
45,30, 614,94, 415,08, 291,00, 813,22, 121,66, 415,46, 711,68, 570,67, 627,47, 231,71, 601,31, 455,55, 0,00, 82,04, 135,42, 360,47, 712,91, 806,34, 368,70, 177,55
111,71, 677,41, 491,98, 352,80, 878,08, 201,64, 396,08, 753,31, 652,68, 705,12, 311,49, 615,37, 419,27, 82,04, 0,00, 54,59, 431,50, 794,51, 884,28, 379,56, 246,45
159,07, 711,12, 538,00, 388,73, 912,95, 256,02, 377,62, 771,62, 705,07, 751,35, 360,92, 615,97, 388,96, 135,42, 54,59, 0,00, 485,10, 845,65, 930,58, 381,79, 300,11
365,90, 632,86, 363,75, 419,23, 785,01, 246,29, 734,70, 827,73, 342,97, 502,25, 271,28, 830,07, 795,57, 360,47, 431,50, 485,10, 0,00, 490,72, 651,09, 637,20, 185,05
687,23, 427,13, 334,28, 524,31, 447,32, 602,63, 902,36, 669,75, 151,16, 181,71, 485,82, 829,31, 993,84, 712,91, 794,51, 845,65, 490,72, 0,00, 193,71, 758,40, 602,49
772,78, 347,25, 392,59, 563,15, 287,14, 711,07, 908,14, 566,15, 312,85, 179,23, 575,21, 774,76, 1004,60, 806,34, 884,28, 930,58, 651,09, 193,71, 0,00, 760,87, 729,64
329,60, 445,31, 431,01, 249,80, 636,66, 417,60, 147,30, 415,02, 663,30, 601,23, 373,80, 235,82, 243,94, 368,70, 379,56, 381,79, 637,20, 758,40, 760,87, 0,00, 498,38
190,48, 616,81, 366,14, 329,26, 798,54, 80,78, 574,66, 767,91, 452,24, 558,66, 195,44, 714,71, 625,70, 177,55, 246,45, 300,11, 185,05, 602,49, 729,64, 498,38, 0,00
