Name:
4-5-20
Number of Vehicles:
5
Number of Demand Locations:
20
Demands:
22, 24, 16, 16, 20, 27, 10, 25, 16, 12, 20, 27, 23, 26, 14, 27, 29, 12, 15, 27
Warehouse Coordinates:
562,8009450448681, 317,2908249857327

Customer Coordinates:
756, 646
525, 658
261, 694
8, 651
16, 915
685, 619
577, 19
636, 770
391, 58
137, 96
105, 702
604, 352
567, 900
593, 581
312, 556
114, 480
97, 142
484, 987
831, 120
409, 133

Distance Matrix:
0,00, 381,28, 342,80, 482,69, 647,43, 810,09, 325,52, 298,63, 458,59, 311,04, 479,87, 597,98, 53,87, 582,72, 265,43, 346,24, 477,39, 497,69, 674,33, 332,95, 240,04
381,28, 0,00, 231,31, 497,32, 748,02, 787,38, 75,96, 652,05, 172,56, 692,08, 828,05, 653,40, 330,97, 316,60, 175,48, 453,03, 663,11, 829,64, 436,19, 531,32, 619,34
342,80, 231,31, 0,00, 266,44, 517,05, 570,20, 164,68, 641,11, 157,69, 614,78, 682,93, 422,30, 316,03, 245,62, 102,73, 236,16, 447,89, 670,40, 331,54, 618,93, 537,66
482,69, 497,32, 266,44, 0,00, 256,63, 329,95, 430,58, 745,31, 382,62, 649,15, 610,72, 156,20, 484,37, 368,88, 350,70, 147,12, 259,62, 575,85, 368,21, 808,94, 580,19
647,43, 748,02, 517,05, 256,63, 0,00, 264,12, 677,76, 850,40, 639,18, 705,93, 569,79, 109,59, 666,80, 611,95, 589,17, 318,50, 201,19, 516,72, 582,64, 979,43, 655,08
810,09, 787,38, 570,20, 329,95, 264,12, 0,00, 731,56, 1057,14, 636,73, 935,45, 827,89, 230,85, 814,07, 551,20, 666,70, 465,29, 445,90, 777,23, 473,51, 1138,53, 875,20
325,52, 75,96, 164,68, 430,58, 677,76, 731,56, 0,00, 609,64, 158,75, 633,37, 757,52, 585,91, 279,02, 304,77, 99,54, 378,28, 587,68, 757,15, 419,31, 519,92, 558,90
298,63, 652,05, 641,11, 745,31, 850,40, 1057,14, 609,64, 0,00, 753,31, 190,04, 446,69, 830,22, 334,09, 881,06, 562,23, 598,83, 653,37, 495,51, 972,46, 273,34, 203,03
458,59, 172,56, 157,69, 382,62, 639,18, 636,73, 158,75, 753,31, 0,00, 752,97, 838,62, 535,34, 419,22, 147,18, 193,83, 388,29, 597,15, 827,59, 264,94, 678,62, 676,24
311,04, 692,08, 614,78, 649,15, 705,93, 935,45, 633,37, 190,04, 752,97, 0,00, 256,83, 704,65, 363,05, 860,20, 560,65, 504,23, 504,79, 305,76, 933,64, 444,35, 77,13
479,87, 828,05, 682,93, 610,72, 569,79, 827,89, 757,52, 446,69, 838,62, 256,83, 0,00, 606,84, 532,56, 911,77, 665,70, 492,16, 384,69, 60,96, 956,19, 694,41, 274,51
597,98, 653,40, 422,30, 156,20, 109,59, 230,85, 585,91, 830,22, 535,34, 704,65, 606,84, 0,00, 609,51, 502,64, 502,78, 253,31, 222,18, 560,06, 474,20, 930,48, 645,12
53,87, 330,97, 316,03, 484,37, 666,80, 814,07, 279,02, 334,09, 419,22, 363,05, 532,56, 609,51, 0,00, 549,25, 229,26, 356,20, 506,44, 548,77, 646,24, 324,58, 293,23
582,72, 316,60, 245,62, 368,88, 611,95, 551,20, 304,77, 881,06, 147,18, 860,20, 911,77, 502,64, 549,25, 0,00, 320,06, 428,21, 617,75, 891,89, 120,24, 823,47, 783,10
265,43, 175,48, 102,73, 350,70, 589,17, 666,70, 99,54, 562,23, 193,83, 560,65, 665,70, 502,78, 229,26, 320,06, 0,00, 282,11, 489,53, 662,37, 420,38, 518,81, 484,31
346,24, 453,03, 236,16, 147,12, 318,50, 465,29, 378,28, 598,83, 388,29, 504,23, 492,16, 253,31, 356,20, 428,21, 282,11, 0,00, 212,08, 466,50, 464,05, 677,83, 433,98
477,39, 663,11, 447,89, 259,62, 201,19, 445,90, 587,68, 653,37, 597,15, 504,79, 384,69, 222,18, 506,44, 617,75, 489,53, 212,08, 0,00, 338,43, 627,65, 802,30, 455,45
497,69, 829,64, 670,40, 575,85, 516,72, 777,23, 757,15, 495,51, 827,59, 305,76, 60,96, 560,06, 548,77, 891,89, 662,37, 466,50, 338,43, 0,00, 929,41, 734,33, 312,13
674,33, 436,19, 331,54, 368,21, 582,64, 473,51, 419,31, 972,46, 264,94, 933,64, 956,19, 474,20, 646,24, 120,24, 420,38, 464,05, 627,65, 929,41, 0,00, 933,86, 857,29
332,95, 531,32, 618,93, 808,94, 979,43, 1138,53, 519,92, 273,34, 678,62, 444,35, 694,41, 930,48, 324,58, 823,47, 518,81, 677,83, 802,30, 734,33, 933,86, 0,00, 422,20
240,04, 619,34, 537,66, 580,19, 655,08, 875,20, 558,90, 203,03, 676,24, 77,13, 274,51, 645,12, 293,23, 783,10, 484,31, 433,98, 455,45, 312,13, 857,29, 422,20, 0,00
