Name:
5-5-20
Number of Vehicles:
5
Number of Demand Locations:
20
Demands:
12, 28, 18, 12, 29, 16, 15, 10, 22, 25, 13, 18, 20, 19, 27, 15, 15, 28, 10, 18
Warehouse Coordinates:
599,0238774563297, 182,14388665843003

Customer Coordinates:
598, 803
949, 637
562, 222
720, 225
439, 539
213, 462
579, 177
954, 379
716, 584
232, 783
766, 209
457, 651
653, 908
66, 411
24, 417
1, 860
798, 663
857, 20
83, 644
282, 232

Distance Matrix:
<<<<<<< HEAD
0.00, 620.86, 573.91, 54.40, 128.34, 391.09, 476.80, 20.67, 405.91, 418.54, 704.08, 169.12, 489.89, 727.86, 580.08, 621.14, 903.95, 520.40, 304.70, 692.53, 320.92
620.86, 0.00, 388.27, 582.11, 590.74, 308.18, 514.30, 626.29, 553.64, 248.77, 366.55, 617.30, 207.33, 118.53, 660.82, 691.72, 599.71, 244.13, 824.72, 538.99, 652.61
573.91, 388.27, 0.00, 567.45, 471.37, 519.33, 756.52, 590.34, 258.05, 238.95, 731.71, 465.48, 492.20, 401.32, 911.46, 950.80, 973.88, 153.22, 623.82, 866.03, 780.33
54.40, 582.11, 567.45, 0.00, 158.03, 340.03, 423.56, 48.10, 422.27, 393.40, 650.86, 204.41, 441.66, 692.01, 530.79, 572.25, 849.57, 500.18, 357.53, 638.38, 280.18
128.34, 590.74, 471.37, 158.03, 0.00, 421.38, 559.66, 148.95, 280.13, 359.02, 741.29, 48.70, 500.64, 686.28, 679.94, 722.00, 959.26, 444.89, 246.56, 762.45, 438.06
391.09, 308.18, 519.33, 340.03, 421.38, 0.00, 238.76, 388.13, 539.28, 280.63, 319.98, 464.57, 113.44, 426.56, 394.35, 432.56, 543.03, 379.81, 666.40, 371.16, 344.82
476.80, 514.30, 756.52, 423.56, 559.66, 238.76, 0.00, 463.88, 745.63, 517.58, 321.56, 608.13, 308.64, 626.51, 155.60, 194.28, 450.94, 618.57, 781.09, 223.66, 240.13
20.67, 626.29, 590.34, 48.10, 148.95, 388.13, 463.88, 0.00, 425.94, 429.44, 698.32, 189.72, 489.45, 734.74, 563.85, 604.67, 894.75, 533.06, 319.27, 681.25, 302.05
405.91, 553.64, 258.05, 422.27, 280.13, 539.28, 745.63, 425.94, 0.00, 314.12, 827.35, 253.46, 566.56, 608.64, 888.58, 930.78, 1067.51, 324.02, 371.87, 910.42, 687.89
418.54, 248.77, 238.95, 393.40, 359.02, 280.63, 517.58, 429.44, 314.12, 0.00, 523.31, 378.32, 267.53, 330.07, 672.63, 711.87, 766.42, 113.86, 581.36, 635.84, 558.80
704.08, 366.55, 731.71, 650.86, 741.29, 319.98, 321.56, 698.32, 827.35, 523.31, 0.00, 783.98, 260.86, 439.17, 407.36, 420.98, 243.50, 578.58, 986.30, 203.77, 553.26
169.12, 617.30, 465.48, 204.41, 48.70, 464.57, 608.13, 189.72, 253.46, 378.32, 783.98, 0.00, 539.30, 708.07, 728.56, 770.60, 1004.50, 455.13, 209.77, 809.76, 484.55
489.89, 207.33, 492.20, 441.66, 500.64, 113.44, 308.64, 489.45, 566.56, 267.53, 260.86, 539.30, 0.00, 323.21, 458.78, 492.18, 501.61, 341.21, 747.10, 374.07, 454.08
727.86, 118.53, 401.32, 692.01, 686.28, 426.56, 626.51, 734.74, 608.64, 330.07, 439.17, 708.07, 323.21, 0.00, 769.14, 797.95, 653.76, 284.69, 911.13, 628.17, 771.11
580.08, 660.82, 911.46, 530.79, 679.94, 394.35, 155.60, 563.85, 888.58, 672.63, 407.36, 728.56, 458.78, 769.14, 0.00, 42.43, 453.68, 774.16, 882.36, 233.62, 280.53
621.14, 691.72, 950.80, 572.25, 722.00, 432.56, 194.28, 604.67, 930.78, 711.87, 420.98, 770.60, 492.18, 797.95, 42.43, 0.00, 443.60, 812.15, 922.77, 234.54, 317.47
903.95, 599.71, 973.88, 849.57, 959.26, 543.03, 450.94, 894.75, 1067.51, 766.42, 243.50, 1004.50, 501.61, 653.76, 453.68, 443.60, 0.00, 820.99, 1199.31, 231.04, 688.00
520.40, 244.13, 153.22, 500.18, 444.89, 379.81, 618.57, 533.06, 324.02, 113.86, 578.58, 455.13, 341.21, 284.69, 774.16, 812.15, 820.99, 0.00, 645.70, 715.25, 672.32
304.70, 824.72, 623.82, 357.53, 246.56, 666.40, 781.09, 319.27, 371.87, 581.36, 986.30, 209.77, 747.10, 911.13, 882.36, 922.77, 1199.31, 645.70, 0.00, 994.21, 612.84
692.53, 538.99, 866.03, 638.38, 762.45, 371.16, 223.66, 681.25, 910.42, 635.84, 203.77, 809.76, 374.07, 628.17, 233.62, 234.54, 231.04, 715.25, 994.21, 0.00, 457.54
320.92, 652.61, 780.33, 280.18, 438.06, 344.82, 240.13, 302.05, 687.89, 558.80, 553.26, 484.55, 454.08, 771.11, 280.53, 317.47, 688.00, 672.32, 612.84, 457.54, 0.00
=======
0,00, 620,86, 573,91, 54,40, 128,34, 391,09, 476,80, 20,67, 405,91, 418,54, 704,08, 169,12, 489,89, 727,86, 580,08, 621,14, 903,95, 520,40, 304,70, 692,53, 320,92
620,86, 0,00, 388,27, 582,11, 590,74, 308,18, 514,30, 626,29, 553,64, 248,77, 366,55, 617,30, 207,33, 118,53, 660,82, 691,72, 599,71, 244,13, 824,72, 538,99, 652,61
573,91, 388,27, 0,00, 567,45, 471,37, 519,33, 756,52, 590,34, 258,05, 238,95, 731,71, 465,48, 492,20, 401,32, 911,46, 950,80, 973,88, 153,22, 623,82, 866,03, 780,33
54,40, 582,11, 567,45, 0,00, 158,03, 340,03, 423,56, 48,10, 422,27, 393,40, 650,86, 204,41, 441,66, 692,01, 530,79, 572,25, 849,57, 500,18, 357,53, 638,38, 280,18
128,34, 590,74, 471,37, 158,03, 0,00, 421,38, 559,66, 148,95, 280,13, 359,02, 741,29, 48,70, 500,64, 686,28, 679,94, 722,00, 959,26, 444,89, 246,56, 762,45, 438,06
391,09, 308,18, 519,33, 340,03, 421,38, 0,00, 238,76, 388,13, 539,28, 280,63, 319,98, 464,57, 113,44, 426,56, 394,35, 432,56, 543,03, 379,81, 666,40, 371,16, 344,82
476,80, 514,30, 756,52, 423,56, 559,66, 238,76, 0,00, 463,88, 745,63, 517,58, 321,56, 608,13, 308,64, 626,51, 155,60, 194,28, 450,94, 618,57, 781,09, 223,66, 240,13
20,67, 626,29, 590,34, 48,10, 148,95, 388,13, 463,88, 0,00, 425,94, 429,44, 698,32, 189,72, 489,45, 734,74, 563,85, 604,67, 894,75, 533,06, 319,27, 681,25, 302,05
405,91, 553,64, 258,05, 422,27, 280,13, 539,28, 745,63, 425,94, 0,00, 314,12, 827,35, 253,46, 566,56, 608,64, 888,58, 930,78, 1067,51, 324,02, 371,87, 910,42, 687,89
418,54, 248,77, 238,95, 393,40, 359,02, 280,63, 517,58, 429,44, 314,12, 0,00, 523,31, 378,32, 267,53, 330,07, 672,63, 711,87, 766,42, 113,86, 581,36, 635,84, 558,80
704,08, 366,55, 731,71, 650,86, 741,29, 319,98, 321,56, 698,32, 827,35, 523,31, 0,00, 783,98, 260,86, 439,17, 407,36, 420,98, 243,50, 578,58, 986,30, 203,77, 553,26
169,12, 617,30, 465,48, 204,41, 48,70, 464,57, 608,13, 189,72, 253,46, 378,32, 783,98, 0,00, 539,30, 708,07, 728,56, 770,60, 1004,50, 455,13, 209,77, 809,76, 484,55
489,89, 207,33, 492,20, 441,66, 500,64, 113,44, 308,64, 489,45, 566,56, 267,53, 260,86, 539,30, 0,00, 323,21, 458,78, 492,18, 501,61, 341,21, 747,10, 374,07, 454,08
727,86, 118,53, 401,32, 692,01, 686,28, 426,56, 626,51, 734,74, 608,64, 330,07, 439,17, 708,07, 323,21, 0,00, 769,14, 797,95, 653,76, 284,69, 911,13, 628,17, 771,11
580,08, 660,82, 911,46, 530,79, 679,94, 394,35, 155,60, 563,85, 888,58, 672,63, 407,36, 728,56, 458,78, 769,14, 0,00, 42,43, 453,68, 774,16, 882,36, 233,62, 280,53
621,14, 691,72, 950,80, 572,25, 722,00, 432,56, 194,28, 604,67, 930,78, 711,87, 420,98, 770,60, 492,18, 797,95, 42,43, 0,00, 443,60, 812,15, 922,77, 234,54, 317,47
903,95, 599,71, 973,88, 849,57, 959,26, 543,03, 450,94, 894,75, 1067,51, 766,42, 243,50, 1004,50, 501,61, 653,76, 453,68, 443,60, 0,00, 820,99, 1199,31, 231,04, 688,00
520,40, 244,13, 153,22, 500,18, 444,89, 379,81, 618,57, 533,06, 324,02, 113,86, 578,58, 455,13, 341,21, 284,69, 774,16, 812,15, 820,99, 0,00, 645,70, 715,25, 672,32
304,70, 824,72, 623,82, 357,53, 246,56, 666,40, 781,09, 319,27, 371,87, 581,36, 986,30, 209,77, 747,10, 911,13, 882,36, 922,77, 1199,31, 645,70, 0,00, 994,21, 612,84
692,53, 538,99, 866,03, 638,38, 762,45, 371,16, 223,66, 681,25, 910,42, 635,84, 203,77, 809,76, 374,07, 628,17, 233,62, 234,54, 231,04, 715,25, 994,21, 0,00, 457,54
320,92, 652,61, 780,33, 280,18, 438,06, 344,82, 240,13, 302,05, 687,89, 558,80, 553,26, 484,55, 454,08, 771,11, 280,53, 317,47, 688,00, 672,32, 612,84, 457,54, 0,00
>>>>>>> origin/master
