Name:
6-5-20
Number of Vehicles:
5
Number of Demand Locations:
20
Demands:
16, 29, 29, 21, 20, 28, 24, 18, 28, 17, 17, 18, 11, 18, 29, 11, 28, 28, 13, 25
Warehouse Coordinates:
52,6693659148502, 639,9940860643956

Customer Coordinates:
440, 961
16, 574
889, 814
555, 800
766, 165
962, 362
725, 482
119, 210
188, 405
6, 85
675, 425
81, 434
463, 242
878, 403
102, 393
509, 239
716, 462
518, 328
896, 321
45, 828

Distance Matrix:
<<<<<<< HEAD
0.00, 503.06, 75.50, 854.24, 527.20, 857.01, 950.87, 690.65, 435.08, 271.18, 556.95, 658.42, 207.93, 571.64, 858.68, 251.87, 607.48, 686.80, 560.24, 901.65, 188.16
503.06, 0.00, 574.06, 472.45, 197.85, 860.17, 794.53, 557.37, 816.73, 610.44, 977.62, 585.25, 637.66, 719.37, 709.37, 660.96, 725.29, 570.24, 637.79, 785.83, 416.79
75.50, 574.06, 0.00, 905.39, 584.46, 854.27, 969.46, 714.94, 378.29, 241.13, 489.10, 675.63, 154.35, 556.81, 878.80, 200.39, 596.05, 708.90, 559.03, 915.65, 255.65
854.24, 472.45, 905.39, 0.00, 334.29, 660.55, 457.86, 370.30, 978.63, 811.59, 1145.05, 443.98, 892.90, 713.20, 411.15, 892.53, 689.22, 392.22, 611.42, 493.05, 844.12
527.20, 197.85, 584.46, 334.29, 0.00, 669.14, 597.91, 360.59, 733.62, 539.18, 901.46, 393.73, 598.86, 565.53, 511.80, 608.98, 562.88, 374.39, 473.45, 587.98, 510.77
857.01, 860.17, 854.27, 660.55, 669.14, 0.00, 277.89, 319.64, 648.56, 625.85, 764.20, 275.47, 735.93, 312.63, 263.04, 702.05, 267.44, 301.18, 296.77, 203.07, 979.49
950.87, 794.53, 969.46, 457.86, 597.91, 277.89, 0.00, 265.65, 856.59, 775.19, 995.32, 293.83, 883.94, 513.23, 93.47, 860.56, 469.40, 265.55, 445.30, 77.70, 1028.61
690.65, 557.37, 714.94, 370.30, 360.59, 319.64, 265.65, 0.00, 664.24, 542.49, 821.32, 75.82, 645.79, 355.31, 172.19, 629.33, 325.12, 21.93, 258.00, 234.87, 762.97
435.08, 816.73, 378.29, 978.63, 733.62, 648.56, 856.59, 664.24, 0.00, 206.85, 168.51, 596.12, 227.20, 345.49, 783.15, 183.79, 391.08, 648.01, 416.08, 784.89, 622.41
271.18, 610.44, 241.13, 811.59, 539.18, 625.85, 775.19, 542.49, 206.85, 0.00, 368.14, 487.41, 110.86, 319.68, 690.00, 86.83, 361.38, 531.07, 338.86, 712.97, 446.52
556.95, 977.62, 489.10, 1145.05, 901.46, 764.20, 995.32, 821.32, 168.51, 368.14, 0.00, 750.44, 356.97, 483.22, 928.17, 322.61, 526.05, 803.88, 566.74, 920.76, 744.02
658.42, 585.25, 675.63, 443.98, 393.73, 275.47, 293.83, 75.82, 596.12, 487.41, 750.44, 0.00, 594.07, 280.06, 204.19, 573.89, 249.30, 55.23, 184.55, 244.25, 747.87
207.93, 637.66, 154.35, 892.90, 598.86, 735.93, 883.94, 645.79, 227.20, 110.86, 356.97, 594.07, 0.00, 427.54, 797.60, 46.07, 470.33, 635.62, 449.67, 822.80, 395.64
571.64, 719.37, 556.81, 713.20, 565.53, 312.63, 513.23, 355.31, 345.49, 319.68, 483.22, 280.06, 427.54, 0.00, 445.14, 391.31, 46.10, 335.27, 102.08, 440.15, 719.81
858.68, 709.37, 878.80, 411.15, 511.80, 263.04, 93.47, 172.19, 783.15, 690.00, 928.17, 204.19, 797.60, 445.14, 0.00, 776.06, 403.80, 172.41, 367.73, 83.95, 935.15
251.87, 660.96, 200.39, 892.53, 608.98, 702.05, 860.56, 629.33, 183.79, 86.83, 322.61, 573.89, 46.07, 391.31, 776.06, 0.00, 435.16, 617.86, 421.05, 797.26, 438.72
607.48, 725.29, 596.05, 689.22, 562.88, 267.44, 469.40, 325.12, 391.08, 361.38, 526.05, 249.30, 470.33, 46.10, 403.80, 435.16, 0.00, 304.27, 89.45, 395.59, 749.81
686.80, 570.24, 708.90, 392.22, 374.39, 301.18, 265.55, 21.93, 648.01, 531.07, 803.88, 55.23, 635.62, 335.27, 172.41, 617.86, 304.27, 0.00, 239.08, 228.65, 764.33
560.24, 637.79, 559.03, 611.42, 473.45, 296.77, 445.30, 258.00, 416.08, 338.86, 566.74, 184.55, 449.67, 102.08, 367.73, 421.05, 89.45, 239.08, 0.00, 378.06, 688.28
901.65, 785.83, 915.65, 493.05, 587.98, 203.07, 77.70, 234.87, 784.89, 712.97, 920.76, 244.25, 822.80, 440.15, 83.95, 797.26, 395.59, 228.65, 378.06, 0.00, 990.58
188.16, 416.79, 255.65, 844.12, 510.77, 979.49, 1028.61, 762.97, 622.41, 446.52, 744.02, 747.87, 395.64, 719.81, 935.15, 438.72, 749.81, 764.33, 688.28, 990.58, 0.00
=======
0,00, 503,06, 75,50, 854,24, 527,20, 857,01, 950,87, 690,65, 435,08, 271,18, 556,95, 658,42, 207,93, 571,64, 858,68, 251,87, 607,48, 686,80, 560,24, 901,65, 188,16
503,06, 0,00, 574,06, 472,45, 197,85, 860,17, 794,53, 557,37, 816,73, 610,44, 977,62, 585,25, 637,66, 719,37, 709,37, 660,96, 725,29, 570,24, 637,79, 785,83, 416,79
75,50, 574,06, 0,00, 905,39, 584,46, 854,27, 969,46, 714,94, 378,29, 241,13, 489,10, 675,63, 154,35, 556,81, 878,80, 200,39, 596,05, 708,90, 559,03, 915,65, 255,65
854,24, 472,45, 905,39, 0,00, 334,29, 660,55, 457,86, 370,30, 978,63, 811,59, 1145,05, 443,98, 892,90, 713,20, 411,15, 892,53, 689,22, 392,22, 611,42, 493,05, 844,12
527,20, 197,85, 584,46, 334,29, 0,00, 669,14, 597,91, 360,59, 733,62, 539,18, 901,46, 393,73, 598,86, 565,53, 511,80, 608,98, 562,88, 374,39, 473,45, 587,98, 510,77
857,01, 860,17, 854,27, 660,55, 669,14, 0,00, 277,89, 319,64, 648,56, 625,85, 764,20, 275,47, 735,93, 312,63, 263,04, 702,05, 267,44, 301,18, 296,77, 203,07, 979,49
950,87, 794,53, 969,46, 457,86, 597,91, 277,89, 0,00, 265,65, 856,59, 775,19, 995,32, 293,83, 883,94, 513,23, 93,47, 860,56, 469,40, 265,55, 445,30, 77,70, 1028,61
690,65, 557,37, 714,94, 370,30, 360,59, 319,64, 265,65, 0,00, 664,24, 542,49, 821,32, 75,82, 645,79, 355,31, 172,19, 629,33, 325,12, 21,93, 258,00, 234,87, 762,97
435,08, 816,73, 378,29, 978,63, 733,62, 648,56, 856,59, 664,24, 0,00, 206,85, 168,51, 596,12, 227,20, 345,49, 783,15, 183,79, 391,08, 648,01, 416,08, 784,89, 622,41
271,18, 610,44, 241,13, 811,59, 539,18, 625,85, 775,19, 542,49, 206,85, 0,00, 368,14, 487,41, 110,86, 319,68, 690,00, 86,83, 361,38, 531,07, 338,86, 712,97, 446,52
556,95, 977,62, 489,10, 1145,05, 901,46, 764,20, 995,32, 821,32, 168,51, 368,14, 0,00, 750,44, 356,97, 483,22, 928,17, 322,61, 526,05, 803,88, 566,74, 920,76, 744,02
658,42, 585,25, 675,63, 443,98, 393,73, 275,47, 293,83, 75,82, 596,12, 487,41, 750,44, 0,00, 594,07, 280,06, 204,19, 573,89, 249,30, 55,23, 184,55, 244,25, 747,87
207,93, 637,66, 154,35, 892,90, 598,86, 735,93, 883,94, 645,79, 227,20, 110,86, 356,97, 594,07, 0,00, 427,54, 797,60, 46,07, 470,33, 635,62, 449,67, 822,80, 395,64
571,64, 719,37, 556,81, 713,20, 565,53, 312,63, 513,23, 355,31, 345,49, 319,68, 483,22, 280,06, 427,54, 0,00, 445,14, 391,31, 46,10, 335,27, 102,08, 440,15, 719,81
858,68, 709,37, 878,80, 411,15, 511,80, 263,04, 93,47, 172,19, 783,15, 690,00, 928,17, 204,19, 797,60, 445,14, 0,00, 776,06, 403,80, 172,41, 367,73, 83,95, 935,15
251,87, 660,96, 200,39, 892,53, 608,98, 702,05, 860,56, 629,33, 183,79, 86,83, 322,61, 573,89, 46,07, 391,31, 776,06, 0,00, 435,16, 617,86, 421,05, 797,26, 438,72
607,48, 725,29, 596,05, 689,22, 562,88, 267,44, 469,40, 325,12, 391,08, 361,38, 526,05, 249,30, 470,33, 46,10, 403,80, 435,16, 0,00, 304,27, 89,45, 395,59, 749,81
686,80, 570,24, 708,90, 392,22, 374,39, 301,18, 265,55, 21,93, 648,01, 531,07, 803,88, 55,23, 635,62, 335,27, 172,41, 617,86, 304,27, 0,00, 239,08, 228,65, 764,33
560,24, 637,79, 559,03, 611,42, 473,45, 296,77, 445,30, 258,00, 416,08, 338,86, 566,74, 184,55, 449,67, 102,08, 367,73, 421,05, 89,45, 239,08, 0,00, 378,06, 688,28
901,65, 785,83, 915,65, 493,05, 587,98, 203,07, 77,70, 234,87, 784,89, 712,97, 920,76, 244,25, 822,80, 440,15, 83,95, 797,26, 395,59, 228,65, 378,06, 0,00, 990,58
188,16, 416,79, 255,65, 844,12, 510,77, 979,49, 1028,61, 762,97, 622,41, 446,52, 744,02, 747,87, 395,64, 719,81, 935,15, 438,72, 749,81, 764,33, 688,28, 990,58, 0,00
>>>>>>> origin/master
