Name:
7-5-20
Number of Vehicles:
5
Number of Demand Locations:
20
Demands:
27, 27, 23, 19, 26, 10, 23, 15, 13, 13, 18, 15, 28, 18, 27, 14, 18, 13, 13, 24
Warehouse Coordinates:
168,9330279682451, 607,956661660204

Customer Coordinates:
729, 190
375, 85
731, 865
120, 286
79, 450
817, 852
165, 456
623, 450
96, 269
113, 314
415, 259
522, 255
513, 683
556, 186
964, 800
482, 78
303, 934
147, 3
590, 105
724, 278

Distance Matrix:
0,00, 698,83, 562,09, 618,05, 325,65, 181,76, 692,49, 152,01, 480,76, 346,71, 299,23, 426,99, 499,23, 352,16, 572,60, 817,93, 615,52, 352,53, 605,35, 655,94, 645,73
698,83, 0,00, 369,24, 675,00, 616,52, 700,07, 667,82, 623,58, 280,78, 637,91, 628,36, 321,49, 216,97, 538,24, 173,05, 653,70, 271,21, 857,33, 611,30, 162,93, 88,14
562,09, 369,24, 0,00, 857,40, 324,69, 469,94, 885,24, 426,31, 441,28, 334,21, 347,97, 178,54, 224,74, 613,72, 207,27, 926,36, 107,23, 852,05, 242,30, 215,93, 398,81
618,05, 675,00, 857,40, 0,00, 841,76, 772,87, 86,98, 698,31, 428,82, 870,89, 827,96, 683,44, 644,81, 283,99, 701,19, 241,90, 825,45, 433,53, 1041,20, 772,97, 587,04
325,65, 616,52, 324,69, 841,76, 0,00, 169,05, 897,87, 175,86, 529,06, 29,41, 28,86, 296,23, 403,19, 558,62, 447,32, 988,20, 417,50, 673,34, 284,29, 503,65, 604,05
181,76, 700,07, 469,94, 772,87, 169,05, 0,00, 840,39, 86,21, 544,00, 181,80, 140,19, 386,49, 484,02, 492,59, 545,18, 951,70, 548,45, 533,32, 452,14, 616,56, 667,54
692,49, 667,82, 885,24, 86,98, 897,87, 840,39, 0,00, 762,84, 446,36, 927,22, 886,04, 716,42, 665,91, 347,82, 715,32, 155,93, 843,39, 520,50, 1081,53, 780,73, 581,49
152,01, 623,58, 426,31, 698,31, 175,86, 86,21, 762,84, 0,00, 458,04, 199,32, 151,22, 318,29, 409,70, 415,49, 475,16, 869,91, 493,33, 497,52, 453,36, 551,20, 586,66
480,76, 280,78, 441,28, 428,82, 529,06, 544,00, 446,36, 458,04, 0,00, 557,22, 527,82, 282,39, 219,60, 257,66, 272,37, 488,65, 397,83, 580,22, 652,98, 346,57, 199,46
346,71, 637,91, 334,21, 870,89, 29,41, 181,80, 927,22, 199,32, 557,22, 0,00, 48,10, 319,16, 426,23, 587,61, 467,43, 1017,54, 430,67, 696,47, 270,84, 520,51, 628,06
299,23, 628,36, 347,97, 827,96, 28,86, 140,19, 886,04, 151,22, 527,82, 48,10, 0,00, 306,97, 413,23, 544,21, 461,12, 980,00, 438,01, 648,46, 312,85, 520,78, 612,06
426,99, 321,49, 178,54, 683,44, 296,23, 386,49, 716,42, 318,29, 282,39, 319,16, 306,97, 0,00, 107,07, 435,18, 158,78, 770,77, 193,00, 684,23, 370,62, 233,11, 309,58
499,23, 216,97, 224,74, 644,81, 403,19, 484,02, 665,91, 409,70, 219,60, 426,23, 413,23, 107,07, 0,00, 428,09, 76,92, 701,70, 181,46, 713,44, 451,81, 164,69, 203,31
352,16, 538,24, 613,72, 283,99, 558,62, 492,59, 347,82, 415,49, 257,66, 587,61, 544,21, 435,18, 428,09, 0,00, 498,86, 465,93, 605,79, 327,26, 772,24, 583,11, 456,67
572,60, 173,05, 207,27, 701,19, 447,32, 545,18, 715,32, 475,16, 272,37, 467,43, 461,12, 158,78, 76,92, 498,86, 0,00, 737,20, 130,92, 789,63, 448,07, 87,85, 191,54
817,93, 653,70, 926,36, 241,90, 988,20, 951,70, 155,93, 869,91, 488,65, 1017,54, 980,00, 770,77, 701,70, 465,93, 737,20, 0,00, 868,11, 674,45, 1141,36, 789,24, 574,53
615,52, 271,21, 107,23, 825,45, 417,50, 548,45, 843,39, 493,33, 397,83, 430,67, 438,01, 193,00, 181,46, 605,79, 130,92, 868,11, 0,00, 874,52, 343,29, 111,32, 313,95
352,53, 857,33, 852,05, 433,53, 673,34, 533,32, 520,50, 497,52, 580,22, 696,47, 648,46, 684,23, 713,44, 327,26, 789,63, 674,45, 874,52, 0,00, 943,98, 877,27, 779,47
605,35, 611,30, 242,30, 1041,20, 284,29, 452,14, 1081,53, 453,36, 652,98, 270,84, 312,85, 370,62, 451,81, 772,24, 448,07, 1141,36, 343,29, 943,98, 0,00, 454,59, 639,18
655,94, 162,93, 215,93, 772,97, 503,65, 616,56, 780,73, 551,20, 346,57, 520,51, 520,78, 233,11, 164,69, 583,11, 87,85, 789,24, 111,32, 877,27, 454,59, 0,00, 218,83
645,73, 88,14, 398,81, 587,04, 604,05, 667,54, 581,49, 586,66, 199,46, 628,06, 612,06, 309,58, 203,31, 456,67, 191,54, 574,53, 313,95, 779,47, 639,18, 218,83, 0,00
