Name:
9-5-20
Number of Vehicles:
5
Number of Demand Locations:
20
Demands:
10, 25, 24, 21, 23, 25, 27, 24, 24, 25, 23, 27, 12, 26, 23, 29, 13, 11, 26, 20
Warehouse Coordinates:
459,0262600495602, 626,2560140463785

Customer Coordinates:
935, 515
649, 552
139, 777
722, 710
490, 613
198, 375
235, 782
81, 992
982, 299
132, 25
431, 446
206, 262
261, 242
182, 11
534, 75
958, 268
417, 659
912, 224
341, 853
22, 668

Distance Matrix:
0,00, 488,80, 203,97, 353,75, 275,99, 33,69, 362,30, 272,84, 526,00, 616,93, 684,44, 182,42, 443,51, 432,28, 674,75, 556,33, 614,27, 53,28, 605,80, 255,62, 439,02
488,80, 0,00, 288,38, 838,01, 288,78, 455,66, 750,18, 749,19, 978,18, 221,05, 940,70, 508,70, 771,65, 727,19, 906,10, 595,32, 248,07, 537,64, 291,91, 683,43, 925,73
203,97, 288,38, 0,00, 557,43, 174,05, 170,30, 484,49, 473,60, 718,49, 418,21, 738,25, 242,40, 529,48, 496,63, 714,68, 490,67, 419,69, 255,49, 420,42, 430,66, 637,64
353,75, 838,01, 557,43, 0,00, 586,84, 387,42, 406,31, 96,13, 222,69, 969,09, 752,03, 441,39, 519,34, 548,73, 767,21, 805,50, 964,28, 302,01, 950,44, 215,82, 159,91
275,99, 288,78, 174,05, 586,84, 0,00, 251,46, 621,93, 492,29, 700,29, 486,33, 904,06, 392,91, 683,34, 656,92, 883,29, 662,25, 501,06, 309,23, 521,82, 406,95, 701,26
33,69, 455,66, 170,30, 387,42, 251,46, 0,00, 376,71, 305,92, 557,60, 583,66, 688,41, 177,12, 451,51, 435,98, 676,22, 539,80, 581,42, 86,28, 573,94, 282,49, 471,22
362,30, 750,18, 484,49, 406,31, 621,93, 376,71, 0,00, 408,68, 628,00, 787,68, 356,17, 243,58, 113,28, 147,17, 364,35, 450,44, 767,50, 358,63, 729,79, 498,93, 341,80
272,84, 749,19, 473,60, 96,13, 492,29, 305,92, 408,68, 0,00, 260,42, 889,55, 763,98, 388,99, 520,81, 540,63, 772,82, 767,63, 887,09, 219,67, 877,32, 127,58, 241,59
526,00, 978,18, 718,49, 222,69, 700,29, 557,60, 628,00, 260,42, 0,00, 1136,68, 968,34, 648,55, 740,62, 771,30, 986,19, 1022,79, 1137,24, 473,06, 1131,54, 294,82, 329,33
616,93, 221,05, 418,21, 969,09, 486,33, 583,66, 787,68, 889,55, 1136,68, 0,00, 893,07, 570,27, 776,88, 723,25, 850,26, 500,88, 39,20, 669,94, 102,59, 847,23, 1028,48
684,44, 940,70, 738,25, 752,03, 904,06, 688,41, 356,17, 763,98, 968,34, 893,07, 0,00, 516,37, 248,28, 252,45, 51,92, 405,10, 861,00, 695,11, 804,99, 853,97, 652,34
182,42, 508,70, 242,40, 441,39, 392,91, 177,12, 243,58, 388,99, 648,55, 570,27, 516,37, 0,00, 290,66, 265,55, 501,22, 385,03, 556,25, 213,46, 529,76, 416,83, 465,37
443,51, 771,65, 529,48, 519,34, 683,34, 451,51, 113,28, 520,81, 740,62, 776,88, 248,28, 290,66, 0,00, 58,52, 252,14, 377,56, 752,02, 449,59, 707,02, 606,22, 445,75
432,28, 727,19, 496,63, 548,73, 656,92, 435,98, 147,17, 540,63, 771,30, 723,25, 252,45, 265,55, 58,52, 0,00, 244,14, 320,03, 697,48, 445,22, 651,25, 616,22, 488,46
674,75, 906,10, 714,68, 767,21, 883,29, 676,22, 364,35, 772,82, 986,19, 850,26, 51,92, 501,22, 252,14, 244,14, 0,00, 357,77, 817,45, 689,30, 760,44, 856,88, 676,20
556,33, 595,32, 490,67, 805,50, 662,25, 539,80, 450,44, 767,63, 1022,79, 500,88, 405,10, 385,03, 377,56, 320,03, 357,77, 0,00, 465,86, 595,60, 406,31, 801,58, 783,45
614,27, 248,07, 419,69, 964,28, 501,06, 581,42, 767,50, 887,09, 1137,24, 39,20, 861,00, 556,25, 752,02, 697,48, 817,45, 465,86, 0,00, 667,50, 63,66, 850,24, 1017,89
53,28, 537,64, 255,49, 302,01, 309,23, 86,28, 358,63, 219,67, 473,06, 669,94, 695,11, 213,46, 449,59, 445,22, 689,30, 595,60, 667,50, 0,00, 658,98, 208,36, 395,10
605,80, 291,91, 420,42, 950,44, 521,82, 573,94, 729,79, 877,32, 1131,54, 102,59, 804,99, 529,76, 707,02, 651,25, 760,44, 406,31, 63,66, 658,98, 0,00, 849,52, 994,60
255,62, 683,43, 430,66, 215,82, 406,95, 282,49, 498,93, 127,58, 294,82, 847,23, 853,97, 416,83, 606,22, 616,22, 856,88, 801,58, 850,24, 208,36, 849,52, 0,00, 368,76
439,02, 925,73, 637,64, 159,91, 701,26, 471,22, 341,80, 241,59, 329,33, 1028,48, 652,34, 465,37, 445,75, 488,46, 676,20, 783,45, 1017,89, 395,10, 994,60, 368,76, 0,00
